10
28.020492553710938
-3.5966949462890625 1.7236175537109375
0 0 0.21875
3.4832916259765625 -0.8995208740234375 0 1.0431976318359375
0 0 0 0 46
8.521514892578125 -0.244110107421875 0 0.470916748046875 0 4.08197021484375
-6.967803955078125 1.797821044921875 0 -2.024627685546875 0 -0.93939208984375 4.08197021484375
-3.8545074462890625 0.5283050537109375 0 -0.6417083740234375 0 0.271514892578125 1.282196044921875 3.2704925537109375
0 0 0 0 0 0 0 0 0.0263671875
-6.971710205078125 1.793914794921875 0 -2.020721435546875 0 -0.93157958984375 4.03900146484375 1.278289794921875 0 4.08197021484375
